
PbI2      G  M1-6        3    0       1       300     0   

<Short_PARAM>
2 2 -4 1 130 1 0 30000 1 9999 
<Double_PARAM>
1000 1e-13 1e-20 1e-05 0.01 0.01 1e-05 1e-05 1e-05 1e-05 1e-05 1e-05 1e-06 1e-17 1 0 1 1000 0.001 12.05 1e-13 1e-13 1e-33 1e-20 1e-05 1e-10 0.001 1e-10 
<Short_Const>
4 4 17 12 0 12 0 0 6 1 0 3 1 0 40 0 2 1 1 0 0 0 0 2 1 2 0 0 0 1 40 0 0 0 0 0 1 0 0 
<Double_Const>
300 300 573.15 573.15 1 1 0 35740.9825856611 -27572.9574900516 0 0 0 0 0 0 0 0 0 0 0 
0 0 0 0 0.750047960322624 1000 0.00300932014796764 -5.78599953667499 0 0 0 0 1e-13 1e-20 55.50837344 0 9.99998974293703e-06 1e-05 0 4765.4614065 
20.2467926544103 0 4.01653388216503 0 1.66e-24 -101 -0.287681488420288 0 0.00716818729813941 0 0 1 1 
<Add_Double_Const>
1e-13 1e-13 1e-33 1e-20 1e-05 1e-05 1e-05 1e-05 1e-05 1e-05 1e-06 1 
<EpsW>
0 0 0 0 0 
<EpsWg>
0 0 0 0 0 
<DenW>
0 0 0 0 0 
<DenWg>
0 0 0 0 0 
Error Code 
Error Message
<L1>
12 1 1 1 1 1 
<muk>
0 6 11 12 13 14 
<mui>
2 3 4 5 
<muj>
8 9 10 11 12 13 14 15 18 19 20 21 44 49 50 51 52 
<DUL>
1000000 1000000 1000000 1000000 1000000 1000000 1000000 1000000 1000000 1000000 1000000 1000000 1000000 1000000 1000000 1000000 1000000 
<DLL>
0 0 0 0 0 0 0 0 0 0 0 0 0 0 0 0 0 
<Vol>
47654.614065 47654.614065 47654.614065 47654.614065 47654.614065 47654.614065 47654.614065 47654.614065 47654.614065 47654.614065 47654.614065 47654.614065 81.0055065155029 0 18.2700002193451 74.8000001907349 23.3999991416931 
<Pparc>
1 1 1 1 1 1 1 1 1 1 1 1 1 1 1 1 1 
<MM>
4.00260019302368 126.903999328613 253.807998657227 142.903399467468 174.902199745178 15.999400138855 31.99880027771 47.9982004165649 207.199996948242 414.399993896484 334.103996276855 461.007995605469 461.007995605469 253.807998657227 207.199996948242 461.007995605469 223.199397087097 
<Awt>
4.00260019302368 126.903999328613 15.999400138855 207.199996948242 
<A>
1 0 0 0 0 1 0 0 0 2 0 0 0 1 1 0 0 1 3 0 0 0 1 0 0 0 2 0 0 0 3 0 0 0 0 1 0 0 0 2 
0 1 0 1 0 2 0 1 0 2 0 1 0 2 0 0 0 0 0 1 0 2 0 1 0 0 1 1 
<XFs>
0.750000438023748 0 0 0 1.55488467154363e-05 1.99999999999909e-10 
<Falps>
-5.28136116621751e-11 -25.1850272196943 -11.4129907617411 -13.0337751440399 2.54804287922936e-06 0 
<G>
-7.71363895830619 3.85795737275897 -11.7654708112472 6.95591434082449 37.0079244629195 38.8834243399554 -12.4657557203854 19.362790192038 23.4890255843309 43.2818872235305 -4.21810719156288 -33.8027495082348 9.83356298277074 -9.13739927327245 17.2710527563613 -48.157111247492 -44.5510368032481 
<G0>
-7.71363895830619 3.85795737275897 -11.7654708112472 6.95591434082449 37.0079244629195 38.8834243399554 -12.4657557203854 19.362790192038 23.4890255843309 43.2818872235305 -4.21810719156288 -33.8027495082348 9.83356298277074 -9.13739927327245 17.2710527563613 -48.157111247492 -44.5510368032481 
<lnGam>
0 0 0 0 0 0 0 0 0 0 0 0 0 0 0 0 0 
<lnGmo>
0 0 0 0 0 0 0 0 0 0 0 0 0 0 0 0 0 
<B>
0.75 3.19734150828362e-05 2e-10 1.59867075414181e-05 
<U>
-7.71363954233746 -17.7083908611623 -31.8107131451662 -12.7403236580819 
<Uc>
-7.71363954233746 -7.71363949695167 -17.7083908611623 -17.7086683490708 -31.8107131451662 -31.8092236094621 -12.7403236580819 -12.7418131937861 
<Uefd>
-7.95909646510638e-19 -1182.54743191392 -2365.0948632879 2365.09486331173 
<U_r>
-36759.0515426615 -84388.653220086 -151592.725806532 -60713.5206989081 
<C>
0 1.62630325872826e-19 0 1.74705198262145e-20 
<XF>
0.750000438023748 0 0 0 1.55488467154363e-05 1.99999999999909e-10 
<YF>
0.750000438023748 0 0 0 1.55488467154363e-05 1.99999999999909e-10 
<Falp>
-5.28136116621751e-11 -25.1850272196943 -11.4129907617411 -13.0337751440399 2.54804287922936e-06 0 
<X>
0.75 3.22800767655814e-10 4.01210919673588e-11 2.22983477160801e-25 0 1.49030030415905e-31 4.55445138230508e-23 0 1.38310470373614e-16 1.02771398595471e-30 3.04267510420804e-12 4.37657783168343e-07 0 0 0 1.55488467154363e-05 1.99999999999909e-10 
<Y>
0.75 3.22800767655814e-10 4.01210919673588e-11 2.22983477160801e-25 0 1.49030030415905e-31 4.55445138230508e-23 0 1.38310470373614e-16 1.02771398595471e-30 3.04267510420804e-12 4.37657783168343e-07 0 0 0 1.55488467154363e-05 1.99999999999909e-10 
<XY>
0 0 0 0 0 0 0 0 0 0 0 0 0 0 0 0 0 
<XU>
0 0 0 0 0 0 0 0 0 0 0 0 0 0 0 0 0 
<MU>
-7.95807864051312e-13 -2.1925626577389e-10 -6.76902149733872e-12 -3.13550228894656e-40 0 -9.33723042033575e-53 -1.74410502220499e-35 0 8.04230634928315e-23 8.88065554504411e-51 1.94602087951044e-14 -1.75725002857753e-13 0 0 0 -2.21799529223875e-10 1.69404665558409e-21 
<EMU>
0.999999415968902 4.30381888270206e-10 5.35015301260802e-11 2.9731116412004e-25 6.18521452472262e-66 1.98575768091689e-31 6.07259894177164e-23 1.39699745794569e-50 1.84413866592601e-16 1.37028451431704e-30 4.05687852919333e-12 5.83421549536263e-07 6.53089618540353e-26 3.86375195892395e-12 9.25177060361908e-14 1.00000586710276 1 
<NMU>
-5.84031268362912e-07 -21.566348189123 -23.6513108619481 -56.4750182298415 -150.148454447688 -70.6941373382737 -51.1556704636851 -114.794929389081 -36.2293491671562 -68.7625343968588 -26.2306072731943 -14.3543558423543 -57.9906682427173 -26.2793823944638 -30.0113763521027 5.86708555002315e-06 0 
<W>
0.5625 1.04200335599183e-19 1.60970202065326e-21 4.97216310867216e-50 0 2.22099499657656e-62 2.07430273937806e-45 0 1.91297862149703e-32 1.05619603692692e-60 9.25787178976743e-24 1.91544335167828e-13 0 0 0 2.41766634180136e-10 3.99999999999635e-20 
<F>
-7.71363954233768 -17.7083469402404 -35.4169082585008 -49.5191040063287 0 -31.8100544083747 -63.6214262903327 0 -12.740323657646 -25.4806471733285 -30.4487097221088 -48.156896568739 0 0 0 -48.157111247492 -44.5510368032481 
<F0>
0 0 0 0 0 0 0 0 0 0 0 0 0 0 0 0 0 
<YOF>
0 0 0 0 0 0 
<lnGmM>
0 0 0 0 0 0 0 0 0 0 0 0 0 0 0 0 0 
<fDQF>
0 0 0 0 0 0 0 0 0 0 0 0 0 0 0 0 0 
<FVOL>
35740.9814226026 0 0 0 0.00116305373728035 4.67999982833649e-09 
<FWGT>
3.0021519606695 0 0 0 0.00716814265825999 4.4639879417399e-08 
<Y_la>
-2.53641557104886e-07 -9.36614601331608 -10.2716337970959 -24.5267887825423 -65.208645232764 -30.7020737488435 -22.2166254003822 -49.8548043840226 -15.7342064262014 -29.8631892501611 -11.3918079956901 -6.23401753359405 -25.1850272196291 -11.4129907617116 -13.0337751440062 2.54804287924961e-06 0 
<Y_w>
0 0 0 0 0 0 0 0 0 0 0 0 0 0 0 238.198074840958 0.00148338751686313 
<Fx>
-7.71363954233746 -17.7083908611623 -35.4167817223245 -49.5191040063285 -113.140530296661 -31.8107131451662 -63.6214262903325 -95.4321394354987 -12.7403236580819 -25.4806473161638 -30.4487145192441 -48.1571053804064 -48.1571053804064 -35.4167817223245 -12.7403236580819 -48.1571053804064 -44.5510368032481 
<Wx>
0.999999415968677 4.30400772173406e-10 5.34947580471792e-11 2.97311129241955e-25 0 1.98706591170266e-31 6.07259829648375e-23 0 1.84413852794623e-16 1.37028451431673e-30 4.0568977695873e-12 5.83543370083318e-07 0 0 0 1 1 
<VL>
-5.84031493183206e-07 -21.5663043129994 -23.6514374472535 -56.4750183471532 -54.7552246294886 -70.69347874833 -51.1556705699473 -54.7552246294886 -36.2293492419769 -68.762534396859 -26.2306025305459 -14.3541470605041 0 0 0 0 0 
<Gamma>
1 1 1 1 1 1 1 1 1 1 1 1 1 1 1 1 1 
<lnGmf>
0 0 0 0 0 0 0 0 0 0 0 0 0 0 0 0 0 
<BF>
0.75 8.7572165196338e-07 0 4.37660825981757e-07 
<BFC>
0 3.10976934308727e-05 1.99999999999909e-10 1.55490467154363e-05 
<XFA>
0 
<YFA>
0 
<PUL>
1000000 
<PLL>
0 
<Aalp>
0 0 0 0 0 0 
<Xr0h0>
0 0 0 0 0 0 0 0 0 0 0 0 
<Sigw>
0 0 0 0 0 0 
<Sigg>
0 0 0 0 0 0 
<Fug>
0.999999415968901 4.30381868989859e-10 5.35015274975943e-11 0 0 0 0 0 1.84413852714236e-16 0 4.05687830814635e-12 5.83421532140222e-07 
<Fug_l>
-2.53641556520855e-07 -9.36614599174974 -10.2716337734446 -24.5267887260673 -65.2086450826155 -30.7020736781494 -22.2166253492265 -49.8548042692277 -15.7342063899721 -29.8631891813986 -11.3918079694595 -6.23401751923969 
<Ppg_l>
-2.53641556520855e-07 -9.36614599174974 -10.2716337734446 -24.5267887260673 -65.2086450826155 -30.7020736781494 -22.2166253492265 -49.8548042692277 -15.7342063899721 -29.8631891813986 -11.3918079694595 -6.23401751923969 
<sMod>
'INNINNNN' 
<LsMod>
0 0 0 
<IPxPH>

<PMc>

<LsMdc>
0 0 0 
<DMc>

<MoiSN>

<SitFr>

<LsMdc2>
0 0 0 
<DQFc>

<LsPhl>
0 0 0 0 0 0 0 0 0 0 0 0 
<PhLin>

<lPhc>

<lnDQFt>
0 0 0 0 0 0 0 0 0 0 0 0 
<lnRcpt>
0 0 0 0 0 0 0 0 0 0 0 0 
<lnExet>
0 0 0 0 0 0 0 0 0 0 0 0 
<lnCnft>
0 0 0 0 0 0 0 0 0 0 0 0 
<SorMc>
0 0 0 0 0 0 0 0 0 0 0 0 0 0 0 0 
<LsISmo>
0 0 0 0 
<xSMd>

<IsoPc>

<IsoSc>

<IsoCt>

<LsESmo>
0 0 0 0 
<EImc>

<mCDc>

<lnScalT>
0 0 0 0 0 0 0 0 0 0 0 0 
<lnSACT>
0 0 0 0 0 0 0 0 0 0 0 0 
<lnGammF>
0 0 0 0 0 0 0 0 0 0 0 0 
<CTerms>
0 0 0 0 0 0 0 0 0 0 0 0 
<kMod>
'NNNNNN' 'NNNNNN' 'NNNNNN' 'NNNNNN' 'NNNNNN' 'NNNNNN' 
<LsKin>
0 0 0 0 0 0 0 0 0 0 0 0 0 0 0 0 0 0 0 0 0 0 0 0 0 0 0 0 0 0 0 0 0 0 0 0 
<xSKrC>

<ocPRkC>

<feSArC>

<rpConC>

<apConC>

<AscpC>

<LsUpt>
0 0 
<UMpcC>

<PfFact>
1 1 1 1 1 1 
<PrT>
0 0 0 0 0 0 
<PkT>
0 0 0 0 0 0 
<PvT>
0 0 0 0 0 0 
<emRd>
0 0 0 0 0 0 0 0 0 0 0 0 
<emDf>
0 0 0 0 0 0 0 0 0 0 0 0 
<Wb>
0 0 0 0 0 0 0 0 0 0 0 0 
<Wabs>
0 0 0 0 0 0 0 0 0 0 0 0 
<Rion>
0 0 0 0 0 0 0 0 0 0 0 0 
<Qp>
0 0 0 0 0 0 0 0 0 0 0 0 0 0 0 0 0 0 0 0 0 0 0 0 0 0 0 0 0 0 0 0 0 0 0 0 0 0 0 0 
0 0 0 0 0 0 0 0 0 0 0 0 0 0 0 0 0 0 0 0 0 0 0 0 0 0 0 0 0 0 0 0 0 0 0 0 0 0 0 0 
0 0 0 0 0 0 0 0 0 0 0 0 0 0 0 0 0 0 0 0 0 0 0 0 0 0 0 0 0 0 0 0 0 0 0 0 0 0 0 0 
0 0 0 0 0 0 0 0 0 0 0 0 0 0 0 0 0 0 0 0 0 0 0 0 0 0 0 0 0 0 0 0 0 0 0 0 0 0 0 0 
0 0 0 0 0 0 0 0 0 0 0 0 0 0 0 0 0 0 0 0 
<Qd>
0 0 0 0 0 0 0 0 0 0 0 0 0 0 0 0 0 0 0 0 0 0 0 0 0 0 0 0 0 0 0 0 0 0 0 0 0 0 0 0 
0 0 0 0 0 0 0 0 0 0 0 0 0 0 0 0 0 0 0 0 
<H0>
5716.54986704124 112473.652820123 72685.9389034473 135693.159637699 261001.88555199 255060.86928874 8386.88979648186 154199.143742417 200915.533771539 343002.448335665 117989.798593325 12658.4148795077 53405.4 21615.6020201699 -66088.8006035482 -153440.591764294 -204558.924017813 
<A0>
0 0 0 0 0 0 0 0 0 0 0 0 0 0 0 0 0 
<U0>
0 0 0 0 0 0 0 0 0 0 0 0 0 0 0 0 0 
<S0>
139.733255762243 194.368448506202 285.057972261662 262.478471833519 337.954222222217 175.075213586162 224.991472442495 268.113681633908 188.955089911892 306.001093939129 304.849894341956 397.263150697879 105.541650257567 174.102183426249 -225.199712210995 226.812396514109 100.581681619649 
<Cp0>
20.787419548631 20.7748350591207 37.579749005662 37.1236304762433 74.7151349010994 21.1342031631015 31.8279751603061 49.5134709560931 20.7826493841301 38.1248081966722 37.5746223321756 57.9208937164579 109 67.6630831634409 29.483309458253 83.0159484387878 51.6819007080072 
<VPh>
0 0 0 0 0 
<GPh>
0 -0.0427067516967045 0 0 0 
<HPh>
0 0 0 0 0 
<SPh>
0 7.45123470238235e-05 0 0 0 
<CPh>
0 0 0 0 0 
<APh>
0 -0.0427067516967045 0 0 0 
<UPh>
0 0 0 0 0 