
HERMES-U2 G  Exch+SCM    0    0       1       25      0   

<Short_PARAM>
2 2 -4 1 130 1 0 30000 1 9999 
<Double_PARAM>
1000 1e-13 1e-20 1e-05 0.01 0.01 1e-05 1e-05 1e-05 1e-05 1e-05 1e-05 1e-06 1e-17 0.7 -0.0065 1 1000 0.001 12.05 1e-13 1e-13 1e-33 1e-20 1e-05 1e-10 0.001 1e-10 
<Short_Const>
10 10 49 45 28 2 0 0 8 4 0 6 3 0 57 1 2 1 1 0 0 0 0 2 1 2 0 2 0 1 57 0 0 0 0 0 1 0 0 
<Double_Const>
25 25 298.15 298.15 1 1 0 1004.56049048036 -13403092.1683132 0 0 0 0 0 0 0 0 0 0 0 
0 0 0 0 172.925461986469 1000 1.19163005392245 -5406.7156582962 0.10000233101685 5.8924893325152 -5.10658222587289 -0.301494423539276 1e-13 1e-20 55.50837344 0 9.99998974293703e-06 1e-05 0 2478.9711565 
38.9215133653371 55.508331311133 4.01653388216503 0.00359058363149312 1.66e-24 4.01653312320056 -10.0778409396809 0 185.786384222688 0 0 0.381233598942825 1 
<Add_Double_Const>
1e-13 1e-13 1e-33 1e-20 1e-05 1e-05 1e-05 1e-05 1e-05 1e-05 1e-06 1 
<EpsW>
78.2451456494947 -0.355010888389707 0.00135076186526458 0.00406162824446391 0 
<EpsWg>
0 0 0 0 0 
<DenW>
0.997061364306806 -0.000258664181926326 -9.46964566455451e-06 4.50858902635513e-05 0 
<DenWg>
0.000767104546309221 -0 0 0 0 
Error Code 
Error Message
<L1>
29 2 2 12 1 1 1 1 
<muk>
0 1 2 3 4 5 6 7 
<mui>
0 1 2 3 5 6 8 9 10 11 
<muj>
0 1 2 3 4 5 6 7 8 9 10 11 12 13 14 15 16 17 18 19 20 21 22 23 24 26 27 28 29 30 32 33 34 35 36 37 38 39 40 41 
42 43 44 45 46 50 51 52 53 
<DUL>
1000000 1000000 1000000 1000000 1000000 1000000 1000000 1000000 1000000 1000000 1000000 1000000 1000000 1000000 1000000 1000000 1000000 1000000 1000000 1000000 1000000 1000000 1000000 1000000 1000000 1000000 1000000 1000000 1000000 1000000 1000000 1000000 1000000 1000000 1000000 1000000 1000000 1000000 1000000 1000000 
1000000 1000000 1000000 1000000 1000000 1000000 1000000 1000000 1000000 
<DLL>
0 0 0 0 0 0 0 0 0 0 0 0 0 0 0 0 0 0 0 0 0 0 0 0 0 0 0 0 0 0 0 0 0 0 0 0 0 0 0 0 
0 0 0 0 0 0 0 0 0 
<Vol>
-1.20796344838208 3.50925587536755 0 0 0 -54.2507869273453 -34.9339998713797 -3.50541772920278 10.004737752999 0 0 0 0 0 0 0 0 0 5.29877501757474 31.9879228345284 62.1603577475003 0 43.9042028119785 17.340894051121 25.2643576113461 30.5008890803217 -4.70784300722727 0 18.0683971876268 24789.711565 24789.711565 0 7.71470189094543 18.07000041008 18.07000041008 0 59.5055675506592 77.5739669799805 23.368775844574 41.4371728897095 
18.07000041008 18.07000041008 0 23.368775844574 41.4371728897095 0 3.57627868652344e-06 0 0 
<Pparc>
1 1 1 1 1 1 1 1 1 1 1 1 1 1 1 1 1 1 1 1 1 1 1 1 1 1 1 1 1 1 1 1 1 1 1 1 1 1 1 1 
1 1 1 1 1 1 1 1 1 
<MM>
22.9897994995117 39.9971495866776 272.043600320816 289.050950407982 306.058300495148 238.028900146484 273.481899261475 255.03625023365 270.027700424194 557.062750935555 574.07010102272 878.112501621246 895.119851708412 929.134551882744 1199.16225230694 304.042400598526 321.049750685692 338.057100772858 270.027700424194 305.480699539185 340.933698654175 287.03505051136 99.4505996704102 35.4529991149902 2.0158998966217 31.99880027771 17.0073500871658 1.00794994831085 18.0153000354767 2.0158998966217 31.99880027771 1172.98979949951 2570.02770042419 16.999400138855 19.0153000354767 18.0073500871658 321.041800737381 338.049150824547 287.027100563049 304.034450650215 
16.999400138855 19.0153000354767 18.0073500871658 287.027100563049 304.034450650215 15.999400138855 52.4603492021561 270.027700424194 322.057700634003 
<Awt>
35.4529991149902 1150 1 1 1.00794994831085 22.9897994995117 15.999400138855 0 238.028900146484 0 
<A>
0 0 0 0 0 1 0 0 0 1 0 0 0 0 1 1 1 0 0 0 0 0 0 0 2 0 2 0 1 2 0 0 0 0 3 0 3 0 1 1 
0 0 0 0 4 0 4 0 1 0 0 0 0 0 0 0 0 0 1 4 1 0 0 0 0 0 0 0 1 3 0 0 0 0 1 0 1 0 1 3 
0 0 0 0 0 0 2 0 1 1 0 0 0 0 1 0 5 0 2 3 0 0 0 0 2 0 6 0 2 2 0 0 0 0 4 0 10 0 3 2 
0 0 0 0 5 0 11 0 3 1 0 0 0 0 7 0 13 0 3 -1 0 0 0 0 7 0 15 0 4 1 0 0 0 0 2 0 4 0 1 0 
0 0 0 0 3 0 5 0 1 -1 0 0 0 0 4 0 6 0 1 -2 0 0 0 0 0 0 2 0 1 2 1 0 0 0 0 0 2 0 1 1 
2 0 0 0 0 0 2 0 1 0 0 0 0 0 1 0 3 0 1 1 1 0 0 0 0 0 4 0 0 -1 1 0 0 0 0 0 0 0 0 -1 
0 0 0 0 2 0 0 0 0 0 0 0 0 0 0 0 2 0 0 0 0 0 0 0 1 0 1 0 0 -1 0 0 0 0 1 0 0 0 0 1 
0 0 0 0 2 0 1 0 0 0 0 0 0 0 2 0 0 0 0 0 0 0 0 0 0 0 2 0 0 0 0 1 0 0 0 1 0 0 0 0 
0 2 0 0 0 0 2 0 1 0 0 0 1 0 0 0 1 0 0 -1 0 0 1 0 2 0 1 0 0 1 0 0 1 0 1 0 1 0 0 0 
0 0 1 0 2 0 5 0 1 -1 0 0 1 0 3 0 6 0 1 -2 0 0 1 0 0 0 3 0 1 1 0 0 1 0 1 0 4 0 1 0 
0 0 0 1 0 0 1 0 0 -1 0 0 0 1 2 0 1 0 0 1 0 0 0 1 1 0 1 0 0 0 0 0 0 1 0 0 3 0 1 1 
0 0 0 1 1 0 4 0 1 0 0 0 0 0 0 0 1 1 0 0 1 0 0 0 1 0 1 1 0 0 0 0 0 0 0 0 2 0 1 0 
0 0 0 0 4 0 5 0 1 0 
<XFs>
55.7083568252872 0 0.1 4.2e-05 1.0000028592689 0.999997140731099 9.99958041916722e-05 0 
<Falps>
-1.42837293557352e-09 -1.571814211549 1.92865493310657e-16 0.000447518306655171 -7.28965340915802e-08 7.28969722931485e-08 5.63306611000327e-06 -11.9299848988164 
<G>
-101.72022449412 -164.653197646164 -398.917743465264 -486.02328497254 -569.403199305362 -211.227194615975 -267.488509721913 -305.001249489722 -383.773929850388 -854.850440646889 -943.332972533796 -1505.12129041277 -1591.65213020064 -1744.6700865372 -2152.664278106 -543.641991798348 -620.763435354359 -688.748176767335 -380.639937809703 -433.709565319304 -483.652471971033 -463.946213614328 0.322256254367374 -49.0407090162839 11.1669198857965 10.6471407744286 -59.5208632823709 3.92077882584779 -95.6773475216673 0 0 -101.623207409836 -376.584575066951 -77.4873880627179 -106.03995908171 -95.6779990675136 -642.298990141639 -718.865532937273 -487.093606084884 -565.041671818137 
-77.4873880627179 -106.039555688554 -95.6779990675136 -481.106856724938 -562.508828215848 0 -69.0795831841459 -401.634337028479 -657.588155159158 
<G0>
-101.624469437802 -164.651826331658 -398.538837183513 -485.927529916223 -569.401827990857 -209.715683432486 -266.637684731104 -304.150424498914 -383.678174794071 -853.99961565608 -942.954066252044 -1504.12739511393 -1591.400958592 -1744.41891492855 -2152.41310649736 -543.640620483842 -620.667680298041 -688.369270485583 -380.261031527951 -433.613810262987 -483.651100656527 -463.850458558011 0.573427863015626 -48.9449539599667 11.1682912003023 10.6507378196774 -59.4251082260537 4.01653388216503 -95.6773475216673 0 0 -101.623207409836 -376.584575066951 -77.4873880627179 -106.03995908171 -95.6779990675136 -642.298990141639 -718.865532937273 -487.093606084884 -565.041671818137 
-77.4873880627179 -106.039555688554 -95.6779990675136 -481.106856724938 -562.508828215848 0 -69.0795831841459 -401.634337028479 -657.588155159158 
<lnGam>
-0.251171608648253 -0.00359704524886509 -0.993895298846415 -0.251171608648253 -0.00359704524886509 -3.96479005963906 -2.23176811584335 -2.23176811584335 -0.251171608648253 -2.23176811584335 -0.993895298846415 -0.993895298846415 -0.251171608648253 -0.251171608648253 -0.251171608648253 -0.00359704524886509 -0.251171608648253 -0.993895298846415 -0.993895298846415 -0.251171608648253 -0.00359704524886509 -0.251171608648253 -0.251171608648253 -0.251171608648253 -0.00359704524886509 -0.00359704524886509 -0.251171608648253 -0.251171608648253 0 0 0 0 0 0 0 0 0 0 0 0 
0 0 0 0 0 0 0 0 0 
<lnGmo>
-0.254762192279746 -0.00718762888035821 -0.997485882477908 -0.254762192279746 -0.00718762888035821 -3.96838064327056 -2.23535869947485 -2.23535869947485 -0.254762192279746 -2.23535869947485 -0.997485882477908 -0.997485882477908 -0.254762192279746 -0.254762192279746 -0.254762192279746 -0.00718762888035821 -0.254762192279746 -0.997485882477908 -0.997485882477908 -0.254762192279746 -0.00718762888035821 -0.254762192279746 -0.254762192279746 -0.254762192279746 -0.00718762888035821 -0.00718762888035821 -0.254762192279746 -0.254762192279746 1.29387484733012e-05 0 0 0 0 0 0 0 0 0 0 0 
0 0 0 0 0 0 0 0 0 
<B>
1.1 0.1 2e-06 4e-05 112.016746657646 0.2 57.5085733288231 2 0.0001 0 
<U>
-67.2699648584505 -5.1903787996307 -4.89960029802722 -1.90350601911419 -1.80961798999345 -96.4328286102051 -92.0617215286797 92.0617213608292 -217.510881000506 -11.7583401338984 
<Uc>
-67.2699648584505 -67.2699647269992 -5.1903787996307 -5.19037860096333 -4.89960029802722 -4.89891024667819 -1.90350601911419 -1.90242876324769 -1.80961798999345 -1.80961799261037 -96.4328286102051 -96.4328288088725 -92.0617215286797 -92.0617215245901 92.0617213608292 92.0617212923226 0 0 0 0 
<Uefd>
0.00139072601340931 0.00139353227584569 -66.6343356366384 -4.9780365854444 -0.00139066984436269 -0.00139353227582387 0.00278133968897154 -0.00278136777332456 0 0 
<U_r>
-166760.302582867 -12866.7993355936 -12145.9678171883 -4718.73651760822 -4485.99080147727 -239054.200664406 -228218.352287332 228218.351871235 -539203.200225158 -29148.5860402506 
<C>
-1.11022302462516e-16 -1.2600231445632e-17 -4.23555205557446e-22 -3.23301589202913e-21 -2.22044604925031e-15 0 8.98044659469743e-16 1.11022302462516e-16 -2.71050543121376e-20 2.96051534125345e-17 
<XF>
55.7083568252872 0 0.1 4.2e-05 1.0000028592689 0.999997140731099 9.99958041916722e-05 0 
<YF>
55.7083568252872 0 0.1 4.2e-05 1.0000028592689 0.999997140731099 9.99958041916722e-05 0 
<Falp>
-1.42837293557352e-09 -1.571814211549 1.92865493310657e-16 0.000447518306655171 -7.28965340915802e-08 7.28969722931485e-08 5.63306611000327e-06 -11.9299848988164 
<X>
0.0999999995984955 4.01504564773672e-10 1.10945723319737e-11 1.03217709369797e-09 3.14368078171772e-09 4.49723228985472e-21 3.25703241632898e-21 1.78471032951565e-16 8.85202202328584e-12 4.53598224204984e-32 1.2310464054259e-29 0 0 0 0 7.60855855564101e-19 6.02597301632763e-21 6.97898958357648e-27 4.77501393386683e-18 2.62324518502075e-19 8.58707796904416e-22 9.94530632120259e-18 0 0.100002859268901 2.1000004441646e-05 0 9.96908565479145e-09 1.64071601952677e-06 55.508331311133 0 0 0.0999999999999999 4.09945852423521e-17 1.87243356991694e-08 7.72043874816468e-08 1.90407127344523e-06 4.01597911057073e-19 1.56673647516684e-21 3.3219618319368e-15 5.15925431322433e-17 
3.74620968682668e-07 1.54400116663849e-06 3.80813778644299e-05 1.66943548041906e-16 8.19925037766583e-17 1.0000028592689 0.999997140731099 9.99958041916722e-05 0 
<Y>
0.0999999995984955 4.01504564773672e-10 1.10945723319737e-11 1.03217709369797e-09 3.14368078171772e-09 4.49723228985472e-21 3.25703241632898e-21 1.78471032951565e-16 8.85202202328584e-12 4.53598224204984e-32 1.2310464054259e-29 0 0 0 0 7.60855855564101e-19 6.02597301632763e-21 6.97898958357648e-27 4.77501393386683e-18 2.62324518502075e-19 8.58707796904416e-22 9.94530632120259e-18 0 0.100002859268901 2.1000004441646e-05 0 9.96908565479145e-09 1.64071601952677e-06 55.508331311133 0 0 0.0999999999999999 4.09945852423521e-17 1.87243356991694e-08 7.72043874816468e-08 1.90407127344523e-06 4.01597911057073e-19 1.56673647516684e-21 3.3219618319368e-15 5.15925431322433e-17 
3.74620968682668e-07 1.54400116663849e-06 3.80813778644299e-05 1.66943548041906e-16 8.19925037766583e-17 1.0000028592689 0.999997140731099 9.99958041916722e-05 0 
<XY>
0 0 0 0 0 0 0 0 0 0 0 0 0 0 0 0 0 0 0 0 0 0 0 0 0 0 0 0 0 0 0 0 0 0 0 0 0 0 0 0 
0 0 0 0 0 0 0 0 0 
<XU>
0 0 0 0 0 0 0 0 0 0 0 0 0 0 0 0 0 0 0 0 0 0 0 0 0 0 0 0 0 0 0 0 0 0 0 0 0 0 0 0 
0 0 0 0 0 0 0 0 0 
<MU>
6.75675212571533e-10 -1.54311447263835e-23 8.20046890481826e-23 7.09681590459561e-19 6.58217657130321e-18 1.34782362547651e-41 7.06846936431252e-42 2.12234248709817e-32 5.5840450115081e-23 3.12405986542388e-63 2.30090191367307e-58 0 0 0 0 4.39409286443457e-37 2.75590352471085e-41 3.69606778052739e-53 1.7311047375424e-35 5.2239390868728e-38 5.59702721101883e-43 7.50854156577036e-35 0 -9.3918081380253e-07 -4.10180689143521e-11 0 -9.51994127898443e-21 2.57863865584206e-16 2.53629866700882e-08 0 0 7.29745508346078e-15 1.2759303703717e-33 -7.81250380869048e-13 -1.32825330293421e-11 -8.09050255303832e-09 -3.59257683610144e-34 0 0 0 
0 0 0 0 0 0 0 0 0 
<EMU>
0.00179506270727184 7.20725947162126e-12 1.99154517881381e-13 1.85282271842783e-11 5.64310470480019e-11 8.07280955323922e-23 5.84657603595781e-23 3.20366612099375e-18 1.58899357222377e-13 8.14237104917685e-34 2.20980554347735e-31 1.24639011276426e-43 1.03346958424854e-41 1.40186672731027e-46 4.96132453208898e-54 1.36578417319329e-20 1.08170006626668e-22 1.25277240553827e-28 8.5714491589087e-20 4.7088901004704e-21 1.54143459154183e-23 1.78524502382912e-19 2.64595995665045e-95 0.00179511394217253 3.76963397319632e-07 2.56500861699668e-85 1.78951348669845e-10 2.94518827026897e-08 0.996409413384849 0.0268031470138596 1.08693821286259e-80 1 4.09945882594414e-16 0.000445820740413101 0.00183825441380964 0.0453683414185498 9.56185566633888e-15 3.73032523398842e-17 7.90943331535365e-11 1.22839395408102e-12 
0.00891964312700317 0.0367635664528794 0.90769535383779 3.97484659869623e-12 1.95220258020857e-12 0.999999832149541 1.0000001678515 1.00001297069817 1.17493840890603e-12 
<NMU>
-6.32271532323881 -25.6559323379118 -29.2446953997187 -24.7117257529401 -23.5980016293083 -50.8709555693095 -51.1936009419688 -40.2822358570474 -29.4705053665469 -76.1908117405153 -70.5872333605338 -98.7909075352757 -94.3730671429007 -105.581109552612 -122.737922273831 -45.7399731103419 -50.5783381069533 -64.2470235840521 -43.9032650448443 -46.8048347200744 -52.5267436031144 -43.1695610928241 -217.772549902397 -6.32268678152307 -14.7911177435497 -194.777771066424 -22.4439071421713 -17.3405080001081 -0.0035970482432649 -3.61923597246892 -184.123442674893 0 -35.4305065165786 -7.71559361406353 -6.29893884579759 -3.09294074276201 -32.2809945793261 -37.8274511569455 -23.2603798852695 -27.4253135281397 
-4.71949934137407 -3.30324796626391 -0.0968464700725599 -26.2510349600899 -26.962062852478 -1.67850472730205e-07 1.67851481726604e-07 1.29706140527435e-05 -27.4698053876586 
<W>
0.0099999999196991 1.61205915534096e-19 1.23089535229395e-22 1.06538955275479e-18 9.88272885734132e-18 2.02250982689119e-41 1.06082601610178e-41 3.18519096027987e-32 7.83582939007376e-23 2.05751349001915e-63 1.51547525231204e-58 0 0 0 0 5.78901632946181e-37 3.63123507935087e-41 4.8706295607669e-53 2.28007580686224e-35 6.88141530073457e-38 7.37379080464436e-43 9.89091178225521e-35 0 0.0100005718619557 4.41000186549154e-10 0 9.93826687925687e-17 2.69194905673175e-12 3081.17484494651 0 0 0.00999999999999999 1.68055601919247e-33 3.50600747375189e-16 5.96051744641627e-15 3.62548741435933e-12 1.61280882165405e-37 2.45466318261821e-42 1.10354304128449e-29 2.66179050685239e-33 
1.4034087017674e-13 2.38393960258103e-12 1.45019134005349e-09 2.787014823282e-32 6.72277067556532e-33 1.00000571854598 0.999994281470373 9.99916085593924e-09 0 
<F>
-108.035752130698 -190.30194239904 -428.155251111135 -510.727823094298 -592.994013344998 -262.090961947561 -318.674922735294 -345.276297395517 -413.237247595756 -931.034064510742 -1013.91301822636 0 0 0 0 -589.374777365373 -671.334585883979 -752.988012670248 -424.536015131149 -480.507212454207 -536.172028044928 -507.10858711443 0 -55.3562080565668 -3.61701056250651 0 -81.957582788768 -13.4125415278579 -95.6809575056646 0 0 -101.623207409836 -412.015081657127 -85.2029889078893 -112.338927690896 -98.7716743165962 -674.57998478802 -756.692984172795 -510.353986018472 -592.466985403245 
-82.2068981953449 -109.34284809964 -95.7759432931137 -507.357891739558 -589.470891124332 0 -69.0795831841459 -401.634337028479 0 
<F0>
-0.0957550563172322 -0.00137131450578503 -0.378906281751574 -0.0957550563172322 -0.00137131450578503 -1.51151118348894 -0.85082499080881 -0.85082499080881 -0.0957550563172322 -0.85082499080881 -0.378906281751574 -0.993895298846415 -0.251171608648253 -0.251171608648253 -0.251171608648253 -0.00137131450578503 -0.0957550563172322 -0.378906281751574 -0.378906281751574 -0.0957550563172322 -0.00137131450578503 -0.0957550563172322 -0.251171608648253 -0.0957550563172322 -0.00137131450578503 -0.00359704524886509 -0.0957550563172322 -0.0957550563172322 0 0 0 0 0 0 0 0 0 0 0 0 
0 0 0 0 0 0 0 0 0 
<YOF>
0 0 0 0 0 0 0 0 
<lnGmM>
0 0 0 0 0 0 0 0 0 0 0 0 0 0 0 0 0 0 0 0 0 0 0 0 0 0 0 0 0 0 0 0 0 0 0 0 0 0 0 0 
0 0 0 0 0 0 0 0 0 
<fDQF>
0 0 0 0 0 0 0 0 0 0 0 0 0 0 0 0 0 0 0 0 0 0 0 0 0 0 0 0 0 0 0 0 0 0 0 0 0 0 0 0 
0 0 0 0 0 0 0 0 0 
<FVOL>
1004.56045050116 0 3.16261004287698e-16 3.64029349263485e-05 0 3.57626846098101e-06 0 0 
<FWGT>
1005.84366969977 0 117.298979949951 0.000757546326313137 15.9994458854422 52.460199203911 0.0270016370579452 0 
<Y_la>
-1.10752277020916 -9.39631197035431 -11.384973031926 -9.09376852746912 -8.50256401947089 -22.0673816886832 -21.4548629264346 -16.7161172800337 -11.1604802542469 -32.3110136391877 -29.3398091361373 -41.5885091995932 -39.3473046950294 -44.214895666492 -51.6660047583458 -18.1187000521181 -20.3274955383185 -26.5862910161093 -17.7511089413821 -18.688683839958 -21.0661570270654 -17.1099045634388 -182.540660593529 -1.10751037469951 -4.67778294513314 -82.8449932992889 -8.1088674188573 -5.8924893325152 -0.00156779743025037 -1.57181421154494 -79.9637951425289 0 -15.3872734711475 -3.35083973118709 -2.73559438256886 -1.34324709743181 -14.0194578161139 -16.4282533018837 -10.1018546311198 -11.9106623297069 
-2.04965252129949 -1.43458236410284 -0.0420598875442124 -11.4006796273869 -11.7094751175295 -7.28965340902389e-08 7.28969722806388e-08 5.63306610998463e-06 -11.9299848987855 
<Y_w>
2285.62351185934 1.59657396280874e-05 3.00067246246202e-06 0.000296618429792178 0.000956559777961295 1.06425211780365e-15 8.85564464942864e-16 4.52521444340149e-11 2.37640422966093e-06 2.5121465910357e-26 7.02601165186485e-24 0 0 0 0 2.29988464215523e-13 1.9233974352179e-15 2.34559013097141e-21 1.28189506073087e-12 7.96695150869849e-14 2.91061557656556e-16 2.83806677742419e-12 0 3524.80349378261 0.0420879586542567 0 0.000168562705008214 0.00164415174732712 994.189527819164 0 0 0 0 0 0 0 0 0 0 0 
0 0 0 0 0 1342.65209515129 4402.38973758922 2.26594125996275 0 
<Fx>
-108.191168744104 -190.304168128878 -428.770240305649 -510.883239690424 -592.996239075198 -264.5442415361 -320.055866260652 -346.657240920874 -413.392664191764 -932.415008036099 -1014.52800742087 -1603.90501051608 -1686.01800990086 -1850.24400867041 -2275.39501299607 -589.377003095211 -671.490002479986 -753.603001864761 -425.151004325662 -480.662629050214 -536.174253774766 -507.264003710437 -423.758510839271 -55.511624724552 -3.6192359799869 -184.123443057359 -82.1129993847747 -13.5679581238919 -95.6809575086666 -3.6192359799869 -184.123443057359 -101.623207409836 -412.015081657127 -85.2029816928085 -112.338897940592 -98.7709398167003 -674.57998478802 -756.692984172795 -510.353986018471 -592.466985403245 
-82.2068874138954 -109.342803661679 -95.7748455377873 -507.357891739558 -589.470891124332 -1.67850473076214e-07 -69.0795830162944 -401.634324057865 -685.057960603878 
<Wx>
0.0017950628109911 7.20725915562134e-12 1.99154542769382e-13 1.85282272269327e-11 5.64310448354623e-11 8.07281446831928e-23 5.84657778821892e-23 3.20366715376809e-18 1.58899355998734e-13 8.14237306671171e-34 2.20980562985679e-31 0 0 0 0 1.36578405633162e-20 1.08170001050764e-22 1.25277247100718e-28 8.57144996906343e-20 4.70888989464863e-21 1.54143443792015e-23 1.78524495927839e-19 0 0.00179511414387128 3.76963271551992e-07 0 1.78951349903508e-10 2.94518832187491e-08 0.996409416368507 0 0 1 4.09945852423521e-16 0.00044581751664689 0.00183819970194397 0.0453350303201244 9.56185502516841e-15 3.73032494087342e-17 7.90943293318287e-11 1.22839388410103e-12 
0.00891954687339685 0.0367619325390117 0.906699472962617 3.97484638195013e-12 1.95220247087281e-12 1 1 1 0 
<VL>
-6.32271526545851 -25.6559323817565 -29.2446952747504 -24.711725750638 -23.5980016685162 -50.8709549604659 -51.1936006422616 -40.2822355346748 -29.4705053742476 -76.1908114927331 -70.5872333214447 -54.7552246294886 -54.7552246294886 -54.7552246294886 -54.7552246294886 -45.7399731959057 -50.5783381585009 -64.2470235317929 -43.9032649503265 -46.8048347637836 -52.526743702776 -43.169561128982 -54.7552246294886 -6.32268666916321 -14.7911180771833 -54.7552246294886 -22.4439071352775 -17.340507982586 -0.00359704524885579 0 0 -4.44089209850063e-16 -35.4305065901758 -7.71560084517141 -6.29896860918587 -3.09367524908266 -32.2809946463812 -37.8274512355217 -23.2603799335879 -27.4253135851084 
-4.71951013262707 -3.30329241108619 -0.097944225600157 -26.2510350146193 -26.9620629084843 0 0 0 0 
<Gamma>
0.780686963073964 0.999993538403504 0.37146348319973 0.780686963073964 0.999993538403504 0.0190402622513661 0.107724575916421 0.107724575916421 0.780686963073964 0.107724575916421 0.37146348319973 0.37146348319973 0.780686963073964 0.780686963073964 0.780686963073964 0.999993538403504 0.780686963073964 0.37146348319973 0.37146348319973 0.780686963073964 0.999993538403504 0.780686963073964 0.780686963073964 0.780686963073964 0.999993538403504 0.999993538403504 0.780686963073964 0.780686963073964 0.999987061335232 1 1 1 1 1 1 1 1 1 1 1 
1 1 1 1 1 1 1 1 1 
<lnGmf>
0 0 0 0 0 0 0 0 0 0 0 0 0 0 0 0 0 0 0 0 0 0 0 0 0 0 0 0 0 0 0 0 0 0 0 0 0 0 0 0 
0 0 0 0 0 0 0 0 0 
<BF>
0.100002859268901 0 0 0 111.016706289055 0.1 55.5083313372147 0 4.19580464824198e-09 -1.22786025328416e-06 0 0 0 0 0 0 0 0 0 0 0 0.0999999999999999 0 0 0 0.0999999999999999 0 0 0 0 0 0 1.999999999948e-06 3.9999999999918e-05 4.32278602461154e-05 0 4.20000000068438e-05 0 3.48890537997871e-15 1.22786025322721e-06 
<BFC>
0.999997140731099 0.0999999999999999 1.99999999662604e-06 3.99999999997511e-05 1.00004036859134 0.0999999999999999 2.00024199160838 2 9.99958041916722e-05 1.2278602497383e-06 
<XFA>
55.508331311133 0 0 0 
<YFA>
55.508331311133 0 0 0 
<PUL>
1000000 1000000 1000000 1000000 
<PLL>
0 0 0 0 
<Y_m>
0.100000075294682 4.01504868697317e-10 1.10945807301419e-11 1.03217787501667e-09 3.14368316136419e-09 4.49723569408807e-21 3.25703488177832e-21 1.78471168047332e-16 8.85202872392897e-12 4.53598567561543e-32 1.23104733728109e-29 0 0 0 0 7.60856431502971e-19 6.02597757775942e-21 6.97899486640547e-27 4.7750175483703e-18 2.62324717071733e-19 8.58708446913474e-22 9.94531384942023e-18 0 0.100002934967253 2.10000203378486e-05 0 9.96909320100915e-09 1.64071726148623e-06 55.50837344 0 0 0.100000075696187 4.09946162736899e-17 1.87243498727775e-08 7.72044459224242e-08 1.90407271475457e-06 4.01598215051378e-19 1.56673766112661e-21 3.32196434653524e-15 5.15925821858311e-17 
3.74621252256456e-07 1.5440023353885e-06 3.80814066905808e-05 1.66943674411805e-16 8.1992565841857e-17 1.00000472837491 0.99999900982642 9.99959910938963e-05 0 
<IC_m>
0.100002934967253 0 0 0 4.36668219908751e-05 0.100000075696187 2.60817577805785e-08 0 4.19580784006425e-09 -1.22786118268172e-06 
<IC_lm>
-0.999987251706436 0 0 0 -4.35984840519485 -0.999999669175948 -7.58366312689601 0 -8.37718439245271 0 
<IC_wm>
3.52480349378261 0 0 0 4.37582290147205e-05 2.28562352103622 4.14867812715341e-07 0 9.92920470135828e-07 -0 
<Aalp>
0 0 0 0 0 0 0 0 
<Xr0h0>
0 0 0 0 0 0 0 0 0 0 0 0 0 0 0 0 
<Sigw>
0 0 0 0 0 0 0 0 
<Sigg>
0 0 0 0 0 0 0 0 
<EZ>
1 0 2 1 0 4 3 3 1 3 2 2 1 -1 1 0 -1 -2 2 1 0 1 -1 -1 0 0 -1 1 0 0 0 0 0 -1 1 0 -1 -2 1 0 
-1 1 0 1 0 0 0 0 0 
<Xcond>
0 0 0 0 0 0 0 0 
<Xeps>
0 0 0 0 0 0 0 0 
<Fug>
0.0268031468123541 0 
<Fug_l>
-1.5718142079257 -79.9637949584055 
<Ppg_l>
-1.5718142079257 -79.9637949584055 
<sMod>
'DNNSNNNN' 'INNINNNN' 'RNNSNNNN' 'ANNSNNNN' 
<LsMod>
2 0 4 0 0 0 1 2 3 0 0 0 
<IPxPH>
0 1 
<PMc>
0 0 0 0 0 0 0 0 0 0 0 
<LsMdc>
0 0 0 0 0 0 0 0 0 0 0 0 
<DMc>

<MoiSN>

<SitFr>

<LsMdc2>
0 0 0 0 0 0 0 0 0 0 0 0 
<DQFc>

<LsPhl>
0 0 0 0 0 0 0 0 0 0 0 0 0 0 0 0 
<PhLin>

<lPhc>

<lnDQFt>
0 0 0 0 0 0 0 0 0 0 0 0 0 0 0 0 0 0 0 0 0 0 0 0 0 0 0 0 0 0 0 0 0 0 0 0 0 0 0 0 
0 0 0 0 0 
<lnRcpt>
0 0 0 0 0 0 0 0 0 0 0 0 0 0 0 0 0 0 0 0 0 0 0 0 0 0 0 0 0 0 0 0 0 0 0 0 0 0 0 0 
0 0 0 0 0 
<lnExet>
0 0 0 0 0 0 0 0 0 0 0 0 0 0 0 0 0 0 0 0 0 0 0 0 0 0 0 0 0 0 0 0 0 0 0 0 0 0 0 0 
0 0 0 0 0 
<lnCnft>
0 0 0 0 0 0 0 0 0 0 0 0 0 0 0 0 0 0 0 0 0 0 0 0 0 0 0 0 0 0 0 0 0 0 0 0 0 0 0 0 
0 0 0 0 0 
<SorMc>
0 0 0 0 0 0 0 0 0 0 0 0 0 0 0 0 
0 0 0 0 0 0 0 0 0 0 0 0 0 0 0 0 
0 0 0 0 0 0 0 0 0 0 0 0 0 0 0 0 
0 0 0 0 0 0 0 0 0 0 0 0 0 0 0 0 
<LsISmo>
0 0 0 0 0 0 0 0 0 0 0 0 0 0 0 0 
<xSMd>

<IsoPc>

<IsoSc>

<IsoCt>

<LsESmo>
0 0 0 0 0 0 0 0 0 0 0 0 0 0 0 0 
<EImc>

<mCDc>

<lnScalT>
0 0 0 0 0 0 0 0 0 0 0 0 0 0 0 0 0 0 0 0 0 0 0 0 0 0 0 0 0 0 0 0 0 0 0 0 0 0 0 0 
0 0 0 0 0 
<lnSACT>
0 0 0 0 0 0 0 0 0 0 0 0 0 0 0 0 0 0 0 0 0 0 0 0 0 0 0 0 0 0 0 0 0 0 0 0 0 0 0 0 
0 0 0 0 0 
<lnGammF>
0 0 0 0 0 0 0 0 0 0 0 0 0 0 0 0 0 0 0 0 0 0 0 0 0 0 0 0 0 0 0 0 0 0 0 0 0 0 0 0 
0 0 0 0 0 
<CTerms>
0 0 0 0 0 0 0 0 0 0 0 0 0 0 0 0 0 0 0 0 0 0 0 0 0 0 0 0 0 0 0 0 0 0 0 0 0 0 0 0 
0 0 0 0 0 
<kMod>
'NNNNNN' 'NNNNNN' 'NNNNNN' 'NNNNNN' 'NNNNNN' 'NNNNNN' 'NNNNNN' 'NNNNNN' 
<LsKin>
0 0 0 0 0 0 0 0 0 0 0 0 0 0 0 0 0 0 0 0 0 0 0 0 0 0 0 0 0 0 0 0 0 0 0 0 0 0 0 0 
0 0 0 0 0 0 0 0 
<xSKrC>

<ocPRkC>

<feSArC>

<rpConC>

<apConC>

<AscpC>

<LsUpt>
0 0 0 0 0 0 0 0 
<UMpcC>

<PfFact>
1 1 1 1 1 1 1 1 
<PrT>
0 0 0 0 0 0 0 0 
<PkT>
0 0 0 0 0 0 0 0 
<PvT>
0 0 0 0 0 0 0 0 
<emRd>
0 0 0 0 0 0 0 0 0 0 0 0 0 0 0 0 0 0 0 0 0 0 0 0 0 0 0 0 0 0 0 0 0 0 0 0 0 0 0 0 
0 0 0 0 0 
<emDf>
0 0 0 0 0 0 0 0 0 0 0 0 0 0 0 0 0 0 0 0 0 0 0 0 0 0 0 0 0 0 0 0 0 0 0 0 0 0 0 0 
0 0 0 0 0 
<Wb>
0 0 0 0 0 0 0 0 0 0 0 0 0 0 0 0 0 0 0 0 0 0 0 0 0 0 0 0 0 0 0 0 0 0 0 0 0 0 0 0 
0 0 0 0 0 
<Wabs>
0 0 0 0 0 0 0 0 0 0 0 0 0 0 0 0 0 0 0 0 0 0 0 0 0 0 0 0 0 0 0 0 0 0 0 0 0 0 0 0 
0 0 0 0 0 
<Rion>
0 0 0 0 0 0 0 0 0 0 0 0 0 0 0 0 0 0 0 0 0 0 0 0 0 0 0 0 0 0 0 0 0 0 0 0 0 0 0 0 
0 0 0 0 0 
<Qp>
0 0 0 0 0 0 0 0 0 0 0 0 0 0 0 0 0 0 0 0 0 0 0 0 0 0 0 0 0 0 0 0 0 0 0 0 0 0 0 0 
0 0 0 0 0 0 0 0 0 0 0 0 0 0 0 0 0 0 0 0 0 0 0 0 0 0 0 0 0 0 0 0 0 0 0 0 0 0 0 0 
0 0 0 0 0 0 0 0 0 0 0 0 0 0 0 0 0 0 0 0 0 0 0 0 0 0 0 0 0 0 0 0 0 0 0 0 0 0 0 0 
0 0 0 0 0 0 0 0 0 0 0 0 0 0 0 0 0 0 0 0 0 0 0 0 0 0 0 0 0 0 0 0 0 0 0 0 0 0 0 0 
0 0 0 0 0 0 0 0 0 0 0 0 0 0 0 0 0 0 0 0 0 0 0 0 0 0 0 0 0 0 0 0 0 0 0 0 0 0 0 0 
0 0 0 0 0 0 0 0 0 0 0 0 0 0 0 0 0 0 0 0 0 0 0 0 0 0 0 0 0 0 0 0 0 0 0 0 0 0 0 0 
0 0 0 0 0 0 0 0 0 0 0 0 0 0 0 0 0 0 0 0 0 0 0 0 0 0 0 0 0 0 0 0 0 0 0 0 0 0 0 0 
0 0 0 0 0 0 0 0 0 0 0 0 0 0 0 0 0 0 0 0 0 0 0 0 0 0 0 0 0 0 0 0 0 0 0 0 0 0 0 0 
0 0 0 0 0 0 0 0 0 0 0 0 0 0 0 0 0 0 0 0 0 0 0 0 0 0 0 0 0 0 0 0 0 0 0 0 0 0 0 0 
0 0 0 0 0 0 0 0 0 0 0 0 0 0 0 0 0 0 0 0 0 0 0 0 0 0 0 0 0 0 0 0 0 0 0 0 0 0 0 0 
0 0 0 0 0 0 0 0 0 0 0 0 0 0 0 0 0 0 0 0 0 0 0 0 0 0 0 0 0 0 0 0 0 0 0 0 0 0 0 0 
0 0 0 0 0 0 0 0 0 0 0 0 0 0 0 0 0 0 0 0 0 0 0 0 0 0 0 0 0 0 0 0 0 0 0 0 0 0 0 0 
0 0 0 0 0 0 0 0 0 0 0 0 0 0 0 0 0 0 0 0 0 0 0 0 0 0 0 0 0 0 0 0 0 0 0 0 0 0 0 0 
0 0 0 0 0 0 0 0 0 0 0 0 0 0 0 0 0 0 0 0 0 0 0 0 0 0 0 0 0 0 0 0 0 0 0 0 0 0 0 0 
0 0 0 0 0 0 0 0 0 0 0 0 0 0 0 0 0 0 0 0 0 0 0 0 0 0 0 0 0 0 0 0 0 0 0 0 0 0 0 0 
0 0 0 0 0 0 0 0 0 0 0 0 0 0 0 0 0 0 0 0 0 0 0 0 0 0 0 0 0 0 0 0 0 0 0 0 0 0 0 0 
0 0 0 0 0 0 0 0 0 0 0 0 0 0 0 0 0 0 0 0 0 0 0 0 0 0 0 0 0 0 0 0 0 0 0 0 0 0 0 0 
0 0 0 0 0 0 0 0 0 0 0 0 0 0 0 0 0 0 0 0 0 0 0 0 0 0 0 0 0 0 0 0 0 0 0 0 0 0 0 0 
<Qd>
0 0 0 0 0 0 0 0 0 0 0 0 0 0 0 0 0 0 0 0 0 0 0 0 0 0 0 0 0 0 0 0 0 0 0 0 0 0 0 0 
0 0 0 0 0 0 0 0 0 0 0 0 0 0 0 0 0 0 0 0 0 0 0 0 0 0 0 0 0 0 0 0 0 0 0 0 0 0 0 0 
0 0 0 0 0 0 0 0 0 0 0 0 0 0 0 0 0 0 0 0 0 0 0 0 0 0 0 0 0 0 0 0 0 0 0 0 0 0 0 0 
0 0 0 0 0 0 0 0 0 0 0 0 0 0 0 0 0 0 0 0 0 0 0 0 0 0 0 0 0 0 0 0 0 0 0 0 0 0 0 0 
0 0 0 0 0 0 0 0 0 0 0 0 0 0 0 0 0 0 0 0 0 0 0 0 0 0 0 0 0 0 0 0 0 0 0 0 0 0 0 0 
0 0 0 0 0 0 0 0 0 0 0 0 0 0 0 0 0 0 0 0 0 0 0 0 0 0 0 0 0 0 0 0 0 0 0 0 0 0 0 0 
<H0>
-240279.999829424 -470135.000015473 -1162888 -1448769 -1734650 -591125.998099195 -738227.998698035 -830153.998810178 -1025220.99967038 -2324079 -2572365.02878615 -4200821 -4389623.56153271 -5058464 -6077563 -1590861 -1876742 -2162623 -1019098.99927248 -1183375.99966164 -1351196.00001959 -1261506.58456507 -129326.999499684 -167110.999248881 -4018.0001077982 -12237.0002033724 -230008.999110271 0 -285837.304300005 0 0 -249804.134317589 -1038996.56820896 -221304 -292084 -266397.525918198 -1785337.19632843 -2023841.44747168 -1303192 -1545120.5325759 
-221304 -292084 -266397.525918198 -1288350.54693366 -1538841.68634187 0 -167111 -1162888 -1819797.31617761 
<A0>
0 0 0 0 0 0 0 0 0 0 0 0 0 0 0 0 0 0 0 0 0 0 0 0 0 0 0 0 0 0 0 0 0 0 0 0 0 0 0 0 
0 0 0 0 0 0 0 0 0 
<U0>
0 0 0 0 0 0 0 0 0 0 0 0 0 0 0 0 0 0 0 0 0 0 0 0 0 0 0 0 0 0 0 0 0 0 0 0 0 0 0 0 
0 0 0 0 0 0 0 0 0 
<S0>
58.4090015521779 44.7687987232927 -297.939361572266 -296.937896728516 -328.482696533203 -416.726000308812 -259.950705292599 -199.994987057972 -25.1039978588586 -178.416137695312 -38.302001953125 -243.103912353516 82.5429916381836 -421.975738525391 -323.107604980469 -191.088134765625 -276.238586425781 -438.925720214844 -98.3239925697241 -28.8264785735721 1.21648191051366 16.898998260498 182.004001192165 56.7350438456651 57.7389976827543 108.95139937899 -10.7110335159728 0 69.9241798936079 130.682998657227 205.136993408203 58.4000015258789 -98.3419952392578 69.9229965209961 69.9229965209961 69.9229965209961 111.44499206543 181.367980957031 -28.4010009765625 41.5219955444336 
69.9229965209961 69.9229965209961 69.9229965209961 -28.4010009765625 41.5219955444336 0 190.749114990234 -305.597320556641 188.334991455078 
<Cp0>
38.1182271553368 -13.4014199743405 153.139739990234 228.500274658203 303.860809326172 2.41869226746702 528.537608391397 73.3729129551398 -92.1915672903963 151.503402709961 226.863922119141 415.656433105469 491.016937255859 641.737976074219 679.809448242188 188.792495727539 264.153015136719 339.513549804688 38.0714380769475 228.884010799402 433.007092465116 113.43196105957 -24.0031594588083 -122.490362898508 166.852112064561 234.132884195525 -136.338084391294 0 75.3605258478432 28.8176721007834 29.3221550499352 38.0999984741211 38.0349769592285 75.3600006103516 75.3600006103516 75.3600006103516 264.152496337891 339.513031005859 113.431442260742 188.791961669922 
75.3600006103516 75.3600006103516 75.3600006103516 113.431442260742 188.791961669922 0 -122.490364074707 153.139739990234 167.753021240234 
<VPh>
0 0 0.000121748060249605 0 0 0 0 0 0 0 0 0 0 0 0 0 0 0 0 0 
<GPh>
0 -65.1717873216794 -2.20341997763592 0 0 0 0 0 0 0 0 -4.21486394527947e-11 0 0 0 0 0 0 0 0 
<HPh>
0 0 1.08068537099762 0 0 0 0 0 0 0 0 0 0 0 0 0 0 0 0 0 
<SPh>
0 0.218587245754417 0.0110149433125391 0 0 0 -0 0 0 0 0 1.41367229424098e-13 0 0 0 0 0 0 0 0 
<CPh>
0 0 0.0202448558701929 0 0 0 0 0 0 0 0 0 0 0 0 0 0 0 0 0 
<APh>
0 -65.1717873216794 -2.20354172569617 0 0 0 0 0 0 0 0 -4.21486394527947e-11 0 0 0 0 0 0 0 0 
<UPh>
0 0 1.08056362293737 0 0 0 0 0 0 0 0 0 0 0 0 0 0 0 0 0 